Figure 5 实验结果汇总（并行计算版）
================================================================================

实验参数: num_trials=100, noise_num=10, num_epochs=500
并行设置: 总共8核，使用6核，保留2核

(a) 扫描序列长度T (N=100, M=500)
--------------------------------------------------------------------------------
T        V-only (%)      U+V (%)         Improvement    
--------------------------------------------------------------------------------
10       100.0           100.0           +0.0
20       100.0           100.0           +0.0
30       100.0           100.0           +0.0
40       98.0            100.0           +2.0
50       77.0            100.0           +23.0
60       30.0            100.0           +70.0
70       8.0             90.0            +82.0
80       2.0             47.0            +45.0
90       0.0             12.0            +12.0
100      0.0             1.0             +1.0
110      0.0             0.0             +0.0
120      0.0             0.0             +0.0
130      0.0             0.0             +0.0
140      0.0             0.0             +0.0


(b) 扫描隐藏层大小M (N=100, T=70)
--------------------------------------------------------------------------------
M        V-only (%)      U+V (%)         Improvement    
--------------------------------------------------------------------------------
100      0.0             18.0            +18.0
200      0.0             62.0            +62.0
300      0.0             79.0            +79.0
400      3.0             81.0            +78.0
500      9.0             92.0            +83.0
600      14.0            90.0            +76.0
700      17.0            93.0            +76.0
800      24.0            95.0            +71.0
900      34.0            93.0            +59.0
1000     42.0            93.0            +51.0
